
APC 9x47sf
2  0.1143   ! Nblades  [ Rref ]

#Airfoil data (NACA4412)
! 0.49 6.3   ! CL0     CL_a
!-0.45 1.4   ! CLmin   CLmax

 
!0.0105  0.0168  0.0168  0.6050   !  CD0    CD2u  CD2l  CLCD0 
!200000 -0.5               !  REref  REexp

#Airfoil data (E63)
 0.44 9.16   ! CL0     CL_a
 -0.3 1.4    ! CLmin   CLmax

 
 0.0187  0.0374  0.0374  0.845   !  CD0    CD2u  CD2l  CLCD0 
 100000 -0.5               !  REref  REexp

#Prop geometry factors 
0.0254    0.0254    1.0  !  Rfac   Cfac   Bfac  
0.0        0.00     0.0  !  Radd   Cadd   Badd  


#  r    chord    beta [  CL0  CL_a   CLmin CLmax  CD0   CD2u   CD2l   CLCD0  REref  REexp ]

#      STATION     CHORD       TWIST                        
#       (IN)       (IN)        (DEG)                  

      0.7530      0.5838    24.9804 
      0.8033      0.6088    25.4451 
      0.8536      0.6331    25.7818 
      0.9038      0.6567    26.0134 
      0.9541      0.6797    26.1575 
      1.0044      0.7020    26.2276 
      1.0546      0.7236    26.2345 
      1.1050      0.7447    26.1867 
      1.1847      0.7765    26.0163 
      1.2834      0.8136    25.6709 
      1.3824      0.8480    25.2031 
      1.4814      0.8798    24.6350 
      1.5804      0.9088    23.9826 
      1.6793      0.9350    23.2575 
      1.7783      0.9583    22.4688 
      1.8773      0.9788    21.6237 
      1.9763      0.9964    20.7278 
      2.0753      1.0111    19.8213 
      2.1743      1.0228    18.9848 
      2.2733      1.0315    18.2138 
      2.3723      1.0372    17.5011 
      2.4713      1.0398    16.8405 
      2.5703      1.0393    16.2267
      2.6693      1.0357    15.6549 
      2.7682      1.0289    15.1212 
      2.8672      1.0189    14.6219 
      2.9662      1.0056    14.1538 
      3.0652      0.9891    13.7143 
      3.1642      0.9693    13.3007 
      3.2632      0.9462    12.9109 
      3.3622      0.9197    12.5430 
      3.4612      0.8898    12.1952 
      3.5602      0.8564    11.8658 
      3.6592      0.8196    11.5536 
      3.7582      0.7792    11.2569 
      3.8571      0.7354    10.9428 
      3.9561      0.6879    10.5894 
      4.0551      0.6369    10.1995 
      4.1541      0.5822     9.7753 
      4.2531      0.5212     9.3189 
      4.3312      0.4493     8.9373 
      4.3807      0.3840     8.6861 
      4.4226      0.3058     8.4683 
      4.4550      0.2024     8.2963   0.49   6.3   -0.45  1.4   0.0105  0.0168  0.0168  0.6050   200000  -0.5    
      4.4871      0.0708     8.1229   0.49   6.3   -0.45  1.4   0.0105  0.0168  0.0168  0.6050   200000  -0.5 
      4.5000      0.0181     8.0879   0.49   6.3   -0.45  1.4   0.0105  0.0168  0.0168  0.6050   200000  -0.5 
