
APC 9x45 (adjusted)
2  0.1143   ! Nblades  [ Rref ]

#Airfoil data (NACA4412)
 0.49 6.3   ! CL0     CL_a
-0.45 1.4   ! CLmin   CLmax

 
0.0105  0.0168  0.0168  0.6050   !  CD0    CD2u  CD2l  CLCD0 
200000 -0.5               !  REref  REexp

#Airfoil data (E63)
! 0.44 9.16   ! CL0     CL_a
! -0.3 1.4    ! CLmin   CLmax

 
!0.0187  0.0374  0.0374  0.845   !  CD0    CD2u  CD2l  CLCD0 
!100000 -0.5               !  REref  REexp

#Prop geometry factors 
0.0254    0.0254    1.0  !  Rfac   Cfac   Bfac  
0.0        0.00     0.0  !  Radd   Cadd   Badd  


#  r    chord    beta [  CL0  CL_a   CLmin CLmax  CD0   CD2u   CD2l   CLCD0  REref  REexp ]

#  STATION     CHORD        TWIST                   
#    (IN)       (IN)         (DEG)                  
   0.9534      0.8270     36.9129   0.44   9.16   -0.3   1.4   0.0187   0.0374   0.0374   0.845   100000   -0.5  
   1.0037      0.8610     35.5111   0.44   9.16   -0.3   1.4   0.0187   0.0374   0.0374   0.845   100000   -0.5  
   1.0539      0.8892     34.1992   0.44   9.16   -0.3   1.4   0.0187   0.0374   0.0374   0.845   100000   -0.5  
   1.1041      0.9117     32.9701   0.44   9.16   -0.3   1.4   0.0187   0.0374   0.0374   0.845   100000   -0.5  
   1.1543      0.9292     31.8173   0.44   9.16   -0.3   1.4   0.0187   0.0374   0.0374   0.845   100000   -0.5  
   1.2046      0.9448     30.7346   0.44   9.16   -0.3   1.4   0.0187   0.0374   0.0374   0.845   100000   -0.5  
   1.3102      0.9731     28.6627   0.44   9.16   -0.3   1.4   0.0187   0.0374   0.0374   0.845   100000   -0.5  
   1.4049      0.9935     27.0111   0.44   9.16   -0.3   1.4   0.0187   0.0374   0.0374   0.845   100000   -0.5  
   1.5048      1.0100     25.4512   0.44   9.16   -0.3   1.4   0.0187   0.0374   0.0374   0.845   100000   -0.5  
   1.6048      1.0218     24.0511   0.44   9.16   -0.3   1.4   0.0187   0.0374   0.0374   0.845   100000   -0.5  
   1.7047      1.0289     22.7892   0.44   9.16   -0.3   1.4   0.0187   0.0374   0.0374   0.845   100000   -0.5  
   1.8046      1.0318     21.6469   0.44   9.16   -0.3   1.4   0.0187   0.0374   0.0374   0.845   100000   -0.5  
   1.9045      1.0305     20.6090   0.44   9.16   -0.3   1.4   0.0187   0.0374   0.0374   0.845   100000   -0.5  
   2.0044      1.0254     19.6623   0.44   9.16   -0.3   1.4   0.0187   0.0374   0.0374   0.845   100000   -0.5  
   2.1043      1.0167     18.7957   0.44   9.16   -0.3   1.4   0.0187   0.0374   0.0374   0.845   100000   -0.5  
   2.2043      1.0046     17.9998   0.44   9.16   -0.3   1.4   0.0187   0.0374   0.0374   0.845   100000   -0.5  
   2.4041      0.9712     16.5892
   2.5040      0.9504     15.9616 
   2.6039      0.9272     15.3787 
   2.7038      0.9019     14.8359 
   2.8038      0.8746     14.3293 
   2.9037      0.8456     13.8556 
   3.0036      0.8151     13.4116 
   3.2034      0.7507     12.6025 
   3.3033      0.7173     12.2330 
   3.4033      0.6834     11.8842 
   3.5032      0.6492     11.5544 
   3.6031      0.6150     11.2423 
   3.7030      0.5811     10.9464 
   3.8029      0.5475     10.6655 
   3.9028      0.5147     10.3984 
   4.0028      0.4828     10.1443 
   4.1027      0.4521      9.9022 
   4.2026      0.4228      9.6713 
   4.3022      0.3840      9.4515 
   4.3925      0.3077      9.2605 
   4.4820      0.0864      9.0788 
   4.5000      0.0094      9